0,51
0,540
10,303
0,539
10,302
10,301
0,538
10,300
0,537
10,299
0,536
10,298
10,297
11,28
0,535
10,296
0,534
10,295
8,17
10,294
0,533
10,293
0,532
10,292
10,291
0,531
10,290
0,530
10,289
10,288
0,529
10,287
0,528
10,286
11,27
0,527
10,285
10,284
0,526
10,283
0,525
10,282
10,281
0,524
10,280
0,523
10,279
10,278
0,522
10,277
0,521
10,276
10,275
0,520
10,274
0,519
10,273
9,7
10,272
11,26
0,518
10,271
0,517
10,270
10,269
0,516
10,268
0,515
10,267
10,266
0,514
10,265
0,513
10,264
10,263
0,512
10,262
0,511
10,261
10,260
8,16
0,510
10,259
0,509
10,258
10,257
0,508
10,256
11,25
0,507
10,255
0,506
10,254
0,505
10,253
10,252
0,504
10,251
0,503
11,24
10,250
0,502
10,249
10,248
0,501
10,247
0,500
10,246
10,245
0,499
10,244
0,498
10,243
10,242
0,497
10,241
0,496
10,240
10,239
0,495
11,23
10,238
0,494
10,237
8,15
10,236
0,493
10,235
0,492
10,234
10,233
0,491
10,232
8,14
0,490
10,231
0,489
10,230
10,229
0,488
10,228
0,487
10,227
10,226
0,486
10,225
11,22
0,485
10,224
10,223
0,484
10,222
0,483
10,221
10,220
0,482
10,219
0,481
10,218
10,217
0,480
10,216
0,479
10,215
11,21
0,478
10,214
0,477
10,213
10,212
0,476
10,211
0,475
10,210
10,209
0,474
10,208
8,13
8,12
0,473
11,20
10,207
0,472
10,206
10,205
0,471
10,204
0,470
10,203
0,469
10,202
10,201
0,468
10,200
0,467
10,199
10,198
0,466
10,197
0,465
11,19
10,196
10,195
